5.000000000000000000e-01 5.000000000000000000e-01
5.000000000000000000e-01 5.000000000000000000e-01
5.000000000000000000e-01 5.000000000000000000e-01
5.136407163217040495e-01 5.064722831762576982e-01
5.147055709813909141e-01 5.169473425545461076e-01
5.147055709813909141e-01 5.169473425545461076e-01
5.189391847166004990e-01 5.277645347184103386e-01
5.249696189961335913e-01 5.327888922031749352e-01
5.249696189961335913e-01 5.327888922031749352e-01
5.258253962512760005e-01 5.429345230554607493e-01
5.426296932331842182e-01 5.575346400946394887e-01
5.426296932331842182e-01 5.575346400946394887e-01
5.466209014413196954e-01 5.479979543973921841e-01
5.466209014413196954e-01 5.479979543973921841e-01
5.466209014413196954e-01 5.479979543973921841e-01
5.586915561574726796e-01 5.482764679312295275e-01
5.591658068161866613e-01 5.499089711100579869e-01
5.591658068161866613e-01 5.499089711100579869e-01
5.744829191860946205e-01 5.400928617647730023e-01
5.744829191860946205e-01 5.400928617647730023e-01
5.744829191860946205e-01 5.400928617647730023e-01
5.744829191860946205e-01 5.400928617647730023e-01
5.744829191860946205e-01 5.400928617647730023e-01
5.744829191860946205e-01 5.400928617647730023e-01
5.756236791288210641e-01 5.399122447592766827e-01
5.934961274347324567e-01 5.233530705787573512e-01
6.102378269264376875e-01 5.191011669534950634e-01
6.191476936972738487e-01 5.175201426248778880e-01
6.191476936972738487e-01 5.175201426248778880e-01
6.242395053105176395e-01 5.228950996497536696e-01
6.242395053105176395e-01 5.228950996497536696e-01
6.408419478917457557e-01 5.353389169423046212e-01
6.479339796723273537e-01 5.220694221268803448e-01
6.479339796723273537e-01 5.220694221268803448e-01
6.506874067911847526e-01 5.321141707943588539e-01
6.520358936363250812e-01 5.385934334817533697e-01
6.520358936363250812e-01 5.385934334817533697e-01
6.520358936363250812e-01 5.385934334817533697e-01
6.538088799169013976e-01 5.249318467164156843e-01
6.538088799169013976e-01 5.249318467164156843e-01
6.538088799169013976e-01 5.249318467164156843e-01
6.538088799169013976e-01 5.249318467164156843e-01
6.714758800364293290e-01 5.381186409826678174e-01
6.714758800364293290e-01 5.381186409826678174e-01
6.711442087114452004e-01 5.365966555993004761e-01
6.683913035418439508e-01 5.365597679414306764e-01
6.776804791246956450e-01 5.204273094262568122e-01
6.656565758064795224e-01 5.111641275213422153e-01
6.683785682257706862e-01 5.131744463801791722e-01
6.683785682257706862e-01 5.131744463801791722e-01
6.683785682257706862e-01 5.131744463801791722e-01
6.683785682257706862e-01 5.131744463801791722e-01
6.683785682257706862e-01 5.131744463801791722e-01
6.706168586877346849e-01 5.189842582853186892e-01
6.706168586877346849e-01 5.189842582853186892e-01
6.706168586877346849e-01 5.189842582853186892e-01
6.706168586877346849e-01 5.189842582853186892e-01
6.736571010542623528e-01 5.070523632639747369e-01
6.736571010542623528e-01 5.070523632639747369e-01
6.739927101990196290e-01 5.091911484788819164e-01
6.834002831266323685e-01 5.143131861571063057e-01
6.731447103794195863e-01 5.148687522766853819e-01
6.731447103794195863e-01 5.148687522766853819e-01
6.793663841945585258e-01 5.027092702811354341e-01
6.757569146667606885e-01 5.004739760553746919e-01
6.855418067013464567e-01 4.898951247763590477e-01
6.803407509688349508e-01 4.897596817276511083e-01
6.799999794708747602e-01 4.964465584636148510e-01
6.754659162280091111e-01 5.088811547275728930e-01
6.687234215035738893e-01 4.992950889327109620e-01
6.807152213931161322e-01 5.001608619777569986e-01
6.807152213931161322e-01 5.001608619777569986e-01
6.833119544724730599e-01 4.871788201688428410e-01
6.789840031597277337e-01 5.078376513617424148e-01
6.840783615584069555e-01 4.865113482985721771e-01
6.793871703934514228e-01 4.814900336270213077e-01
6.688121698141190619e-01 4.899220836572875659e-01
6.727195139190962347e-01 4.735927085296718353e-01
6.705564762503531950e-01 4.575532906684013357e-01
6.705564762503531950e-01 4.575532906684013357e-01
6.705564762503531950e-01 4.575532906684013357e-01
6.705564762503531950e-01 4.575532906684013357e-01
6.705564762503531950e-01 4.575532906684013357e-01
6.798131837840873937e-01 4.763989263136224062e-01
6.798131837840873937e-01 4.763989263136224062e-01
6.736295284799184158e-01 4.770933962297115860e-01
6.932498592241138624e-01 4.668459427862093336e-01
6.932498592241138624e-01 4.668459427862093336e-01
6.871443460321776664e-01 4.677570322529288060e-01
6.871443460321776664e-01 4.677570322529288060e-01
6.871443460321776664e-01 4.677570322529288060e-01
6.871443460321776664e-01 4.677570322529288060e-01
6.757994764137693622e-01 4.595810916431915527e-01
6.827902859643109057e-01 4.490121974802724347e-01
6.827902859643109057e-01 4.490121974802724347e-01
6.804795522472565361e-01 4.453329125714252101e-01
6.804795522472565361e-01 4.453329125714252101e-01
6.804795522472565361e-01 4.453329125714252101e-01
6.826404910293772943e-01 4.392760698564550093e-01
6.826404910293772943e-01 4.392760698564550093e-01
6.826404910293772943e-01 4.392760698564550093e-01
6.860088399911350443e-01 4.195104086985361747e-01
6.860088399911350443e-01 4.195104086985361747e-01
6.860088399911350443e-01 4.195104086985361747e-01
6.891255269707131648e-01 4.224109209145727184e-01
6.833257866781390355e-01 4.048295956140560148e-01
6.976021891042721856e-01 3.967920966623726953e-01
6.967779921611865213e-01 4.067702924858612179e-01
7.054845346554485808e-01 3.932024105779675094e-01
7.054845346554485808e-01 3.932024105779675094e-01
6.955627364859841011e-01 3.907356096134062540e-01
7.000973457137862344e-01 3.787053661856197850e-01
7.029032185649541908e-01 3.731341164516116526e-01
7.029032185649541908e-01 3.731341164516116526e-01
7.029032185649541908e-01 3.731341164516116526e-01
7.029032185649541908e-01 3.731341164516116526e-01
6.821650799387199982e-01 3.686040405630953143e-01
6.939386172655769291e-01 3.684859817378001723e-01
6.916788919988254847e-01 3.761695528082460438e-01
6.916788919988254847e-01 3.761695528082460438e-01
6.916788919988254847e-01 3.761695528082460438e-01
6.916788919988254847e-01 3.761695528082460438e-01
6.862801799520705792e-01 3.773341752459290488e-01
6.826208746436817076e-01 3.672423581805577819e-01
6.826208746436817076e-01 3.672423581805577819e-01
6.866449022868637009e-01 3.728038189879235853e-01
6.866449022868637009e-01 3.728038189879235853e-01
6.866449022868637009e-01 3.728038189879235853e-01
6.866449022868637009e-01 3.728038189879235853e-01
6.866449022868637009e-01 3.728038189879235853e-01
6.866449022868637009e-01 3.728038189879235853e-01
6.933241232773490470e-01 3.485178459194879785e-01
6.960831617390590420e-01 3.486862514298457172e-01
6.960831617390590420e-01 3.486862514298457172e-01
6.960831617390590420e-01 3.486862514298457172e-01
6.960831617390590420e-01 3.486862514298457172e-01
6.917074758079330143e-01 3.266920870973974433e-01
6.900443231843630398e-01 3.022948301827393935e-01
6.918543547767374013e-01 2.940768992097689827e-01
6.918543547767374013e-01 2.940768992097689827e-01
7.023484099178682882e-01 2.818855973026729855e-01
6.899422568569039127e-01 2.746184027388831050e-01
6.899422568569039127e-01 2.746184027388831050e-01
6.899422568569039127e-01 2.746184027388831050e-01
6.965708145122221362e-01 2.780447487456788602e-01
6.965708145122221362e-01 2.780447487456788602e-01
6.980347217263361825e-01 2.748180066626594309e-01
6.980347217263361825e-01 2.748180066626594309e-01
6.980347217263361825e-01 2.748180066626594309e-01
6.980347217263361825e-01 2.748180066626594309e-01
6.980347217263361825e-01 2.748180066626594309e-01
7.091430877433748670e-01 2.845239352539098432e-01
7.091430877433748670e-01 2.845239352539098432e-01
7.169560653346865875e-01 2.820155385997614728e-01
7.169560653346865875e-01 2.820155385997614728e-01
7.121774398844150644e-01 2.742670206394355881e-01
6.988131854642098961e-01 2.757087449163244108e-01
7.017452642581878397e-01 2.743835403315477151e-01
7.122370979103133104e-01 2.548344064084155369e-01
7.103034413793057888e-01 2.848248588506994139e-01
7.024203450774257895e-01 2.768714536162085738e-01
7.131580909847914374e-01 2.660399407701811714e-01
7.125867080163922340e-01 2.626005795879007843e-01
6.999255794015997179e-01 2.762524493880637033e-01
6.999255794015997179e-01 2.762524493880637033e-01
6.999255794015997179e-01 2.762524493880637033e-01
7.064701670130664191e-01 2.610241526896148745e-01
7.064701670130664191e-01 2.610241526896148745e-01
7.064701670130664191e-01 2.610241526896148745e-01
7.064701670130664191e-01 2.610241526896148745e-01
7.064701670130664191e-01 2.610241526896148745e-01
7.051714783909320827e-01 2.612180728442623501e-01
7.051714783909320827e-01 2.612180728442623501e-01
7.051714783909320827e-01 2.612180728442623501e-01
7.153413087023294814e-01 2.512208210165661759e-01
7.153413087023294814e-01 2.512208210165661759e-01
7.142403185704827573e-01 2.450518896809606995e-01
7.142403185704827573e-01 2.450518896809606995e-01
7.101737246363594158e-01 2.416956582012785570e-01
7.101737246363594158e-01 2.416956582012785570e-01
7.051880490103937804e-01 2.546810679813399370e-01
7.051880490103937804e-01 2.546810679813399370e-01
7.121805491136166122e-01 2.588656340193322691e-01
6.990016154573530649e-01 2.716441747510793259e-01
6.990016154573530649e-01 2.716441747510793259e-01
6.990016154573530649e-01 2.716441747510793259e-01
6.990016154573530649e-01 2.716441747510793259e-01
7.027802600135447664e-01 2.665927752221235458e-01
7.027802600135447664e-01 2.665927752221235458e-01
7.010020078419184619e-01 2.647775900179600295e-01
7.010020078419184619e-01 2.647775900179600295e-01
7.010020078419184619e-01 2.647775900179600295e-01
7.080787747331692694e-01 2.520898933275882436e-01
7.092497103864530139e-01 2.452605029663068315e-01
7.014005833956910019e-01 2.564652310428960913e-01
7.084760462460192310e-01 2.480619836744328843e-01
7.066377183866277001e-01 2.360622250346115503e-01
7.066377183866277001e-01 2.360622250346115503e-01
7.066377183866277001e-01 2.360622250346115503e-01
7.023165671770188467e-01 2.375256780297358983e-01
7.023165671770188467e-01 2.375256780297358983e-01
6.987942116154468586e-01 2.496992050638543181e-01
7.133907789170791380e-01 2.316858190690432306e-01
7.133907789170791380e-01 2.316858190690432306e-01
7.133907789170791380e-01 2.316858190690432306e-01
7.133907789170791380e-01 2.316858190690432306e-01
7.057734485265262370e-01 2.525774805078501162e-01
7.146598122456838675e-01 2.728176709725762539e-01
7.146598122456838675e-01 2.728176709725762539e-01
7.048891157148264863e-01 2.697883288934183610e-01
7.048891157148264863e-01 2.697883288934183610e-01
7.048891157148264863e-01 2.697883288934183610e-01
7.112729408411478937e-01 2.913823749311454936e-01
7.112729408411478937e-01 2.913823749311454936e-01
7.066065600944189118e-01 2.977585418246114779e-01
6.996855535000191528e-01 2.971178454484427189e-01
7.050247769041004808e-01 3.053595064467682918e-01
7.069801792680081576e-01 3.054613380796543098e-01
7.089498375638328964e-01 2.993664810108749852e-01
7.089498375638328964e-01 2.993664810108749852e-01
7.110579094809423850e-01 3.022094994125526513e-01
7.093089774075275189e-01 3.105088983783661494e-01
7.056252371771534193e-01 3.177759632322715300e-01
7.110794683994033916e-01 2.953092423690336643e-01
7.106991126500992184e-01 2.796272955193796483e-01
7.129214132719307040e-01 2.727178814535228257e-01
7.129214132719307040e-01 2.727178814535228257e-01
7.129214132719307040e-01 2.727178814535228257e-01
7.114531558761348906e-01 2.651551589498667427e-01
7.114531558761348906e-01 2.651551589498667427e-01
7.114531558761348906e-01 2.651551589498667427e-01
7.054356228084184277e-01 2.660667334835347675e-01
7.156404214124320040e-01 2.469746751016341779e-01
7.156404214124320040e-01 2.469746751016341779e-01
7.051344383587007103e-01 2.656758924102978758e-01
7.125697427343582468e-01 2.602068293205901384e-01
7.125697427343582468e-01 2.602068293205901384e-01
7.216962349350563022e-01 2.557025999651924564e-01
7.216962349350563022e-01 2.557025999651924564e-01
7.163919521393575796e-01 2.594583202270772659e-01
7.051170461678196721e-01 2.556016574042607181e-01
7.061186928802145601e-01 2.576200612004427293e-01
7.061186928802145601e-01 2.576200612004427293e-01
7.061186928802145601e-01 2.576200612004427293e-01
7.042912891455747060e-01 2.606775384976467436e-01
7.003556004248457922e-01 2.568521036294641458e-01
6.998622088627276527e-01 2.669323328956748620e-01
7.024233156341667117e-01 2.665060192498803215e-01
7.024467814651282893e-01 2.770032144853403211e-01
7.060884943674876624e-01 2.711782408546563605e-01
7.120832284643997534e-01 2.579056497865440112e-01
7.010901687046500186e-01 2.605236538306865968e-01
7.048554979903156603e-01 2.657673800765236738e-01
7.119343687142499766e-01 2.547983216372181059e-01
7.119343687142499766e-01 2.547983216372181059e-01
7.012561950844665715e-01 2.711857835159333652e-01
7.037949500255653579e-01 2.635082771506924715e-01
7.049303253154721727e-01 2.788794285104516102e-01
7.071947185500160327e-01 2.915512693978553616e-01
7.067613504780058120e-01 2.858047664925351117e-01
7.032393332556415855e-01 2.994247266611563818e-01
7.032393332556415855e-01 2.994247266611563818e-01
7.032393332556415855e-01 2.994247266611563818e-01
7.032393332556415855e-01 2.994247266611563818e-01
7.032393332556415855e-01 2.994247266611563818e-01
6.960222209093450685e-01 3.010416454490286164e-01
7.026495832792738483e-01 3.108550170848729532e-01
7.026495832792738483e-01 3.108550170848729532e-01
6.959335453239064995e-01 3.018528478791357439e-01
6.959335453239064995e-01 3.018528478791357439e-01
6.965348394122724551e-01 3.015298834340527367e-01
6.965348394122724551e-01 3.015298834340527367e-01
6.985510326600045117e-01 2.844921033017718259e-01
6.985510326600045117e-01 2.844921033017718259e-01
6.985510326600045117e-01 2.844921033017718259e-01
6.985510326600045117e-01 2.844921033017718259e-01
6.985510326600045117e-01 2.844921033017718259e-01
6.985510326600045117e-01 2.844921033017718259e-01
7.076203000605134630e-01 2.850239792029342634e-01
7.146212193498655552e-01 2.751362648880825712e-01
7.146212193498655552e-01 2.751362648880825712e-01
7.140371650710568563e-01 2.703031706740294249e-01
7.140371650710568563e-01 2.703031706740294249e-01
7.140371650710568563e-01 2.703031706740294249e-01
7.121620728616626650e-01 2.868111573192017594e-01
7.077693249515866203e-01 2.764288442615435715e-01
7.077693249515866203e-01 2.764288442615435715e-01
7.155989417812002040e-01 2.731863927927448144e-01
7.094753253677283933e-01 2.673292999335038500e-01
7.094753253677283933e-01 2.673292999335038500e-01
7.029948066697028208e-01 2.783698669930301794e-01
7.029948066697028208e-01 2.783698669930301794e-01
7.029948066697028208e-01 2.783698669930301794e-01
6.963477289658639435e-01 2.872026467114082715e-01
6.948366011157102173e-01 2.965696395858320455e-01
6.884522262687677863e-01 2.960001344845032412e-01
6.884522262687677863e-01 2.960001344845032412e-01
6.943011244647471214e-01 2.897545726566888580e-01
6.936813055079296131e-01 2.971765566824362548e-01
6.936813055079296131e-01 2.971765566824362548e-01
7.022423353271559643e-01 3.091407807764163795e-01
7.147255622309550693e-01 3.065091777884765833e-01
6.938755898034750791e-01 3.145215476946514599e-01
6.938755898034750791e-01 3.145215476946514599e-01
7.064965389517378069e-01 3.130634906096496639e-01
6.957172497732395655e-01 3.039967336909740747e-01
6.960801488355935485e-01 3.094896687638886701e-01
6.960801488355935485e-01 3.094896687638886701e-01
7.029867867934008752e-01 3.101813811159987999e-01
7.029867867934008752e-01 3.101813811159987999e-01
7.052862490644502547e-01 2.953423070508759962e-01
7.100995673699166399e-01 2.826333375458804364e-01
7.050295059326100455e-01 2.693968157645036943e-01
7.050295059326100455e-01 2.693968157645036943e-01
7.050295059326100455e-01 2.693968157645036943e-01
7.082844320814660755e-01 2.897087115384279210e-01
7.078094637383809395e-01 2.991800477184496376e-01
7.078094637383809395e-01 2.991800477184496376e-01
7.016277539863816637e-01 3.022291970038569753e-01
7.074884306165043490e-01 3.133068619431795820e-01
7.003980897117433324e-01 3.063696059578498998e-01
7.003980897117433324e-01 3.063696059578498998e-01
7.140975293430997795e-01 3.022858478388745218e-01
7.051370344434448878e-01 3.181203119242188571e-01
7.111954976819181429e-01 2.960413252415172725e-01
6.980850322426773724e-01 2.935009499059274551e-01
6.980850322426773724e-01 2.935009499059274551e-01
6.960411812923783526e-01 2.818809927909282642e-01
7.037919138033402744e-01 2.846880687556354039e-01
7.112461552942673793e-01 3.083797056485504950e-01
6.986122753949979280e-01 3.130158947393352209e-01
6.991978222733087334e-01 3.005343676296559630e-01
6.989707508188024443e-01 3.020905613597762440e-01
7.042331520236632114e-01 3.096206602887162651e-01
7.042331520236632114e-01 3.096206602887162651e-01
7.042331520236632114e-01 3.096206602887162651e-01
7.055266496122315489e-01 3.156741624513862421e-01
7.055266496122315489e-01 3.156741624513862421e-01
7.055266496122315489e-01 3.156741624513862421e-01
7.068064964318295784e-01 3.104914618128902237e-01
7.068064964318295784e-01 3.104914618128902237e-01
6.941539045053161106e-01 3.162736304418604649e-01
6.980991102862513786e-01 3.212944963219040440e-01
7.003426379627156750e-01 3.445515502760400084e-01
6.973626991446392198e-01 3.563998857042099400e-01
6.889738299009451339e-01 3.748532743137664158e-01
6.907985001016909710e-01 3.681388557583532006e-01
6.907985001016909710e-01 3.681388557583532006e-01
6.962478210569125192e-01 3.710585428968418142e-01
6.962478210569125192e-01 3.710585428968418142e-01
6.905126932901132220e-01 3.701643003858669512e-01
6.905126932901132220e-01 3.701643003858669512e-01
6.905126932901132220e-01 3.701643003858669512e-01
6.943726002094162686e-01 3.595391509292503174e-01
6.870384652191315888e-01 3.519287314801840538e-01
6.908418917793373026e-01 3.525784443442964156e-01
6.908418917793373026e-01 3.525784443442964156e-01
6.908418917793373026e-01 3.525784443442964156e-01
6.908418917793373026e-01 3.525784443442964156e-01
6.922783593283793335e-01 3.690227774039264164e-01
6.985151290343852848e-01 3.598989349036305074e-01
6.985151290343852848e-01 3.598989349036305074e-01
6.985151290343852848e-01 3.598989349036305074e-01
6.985151290343852848e-01 3.598989349036305074e-01
6.872708955612092385e-01 3.574397410549381426e-01
6.944812042591794743e-01 3.556567081968713406e-01
6.944812042591794743e-01 3.556567081968713406e-01
6.967103920541817264e-01 3.407610373718346075e-01
6.983294272196561847e-01 3.371746505025187690e-01
6.983294272196561847e-01 3.371746505025187690e-01
7.053109888541295724e-01 3.267457230474345442e-01
7.053109888541295724e-01 3.267457230474345442e-01
7.119227351397645620e-01 3.066477873166923440e-01
7.167749991610000704e-01 2.968161886517487469e-01
7.082930028926173183e-01 2.780585731021474327e-01
7.101664022185202318e-01 2.918093250049069720e-01
7.172968850248515604e-01 2.849745830516407508e-01
7.102103537711393910e-01 2.780320405011494911e-01
7.036704330505517690e-01 2.852464758781297349e-01
7.032881205478764830e-01 2.778102471422627673e-01
7.090460670182742176e-01 2.869171202742462068e-01
7.090460670182742176e-01 2.869171202742462068e-01
7.140838110482439216e-01 2.883175701382868494e-01
6.935541592343194006e-01 3.001068055610226493e-01
7.035550921817802505e-01 3.016195724645952536e-01
7.035550921817802505e-01 3.016195724645952536e-01
7.039348768044462190e-01 3.048348057857080406e-01
7.082363201052728208e-01 3.000331354274800577e-01
7.082363201052728208e-01 3.000331354274800577e-01
7.082363201052728208e-01 3.000331354274800577e-01
7.096134841584783581e-01 2.961429545956931197e-01
7.063352852016678840e-01 2.948428548147749018e-01
7.058424828110519966e-01 3.040696449441523397e-01
7.058424828110519966e-01 3.040696449441523397e-01
7.052747430827341901e-01 3.180136121351314626e-01
6.933163983685389775e-01 3.143988090804025748e-01
7.006233052970706199e-01 3.350566906221453811e-01
7.006233052970706199e-01 3.350566906221453811e-01
6.990451342639023569e-01 3.338913072224756751e-01
6.911443604643968674e-01 3.234315976299344531e-01
