5.000000000000000000e-01 5.000000000000000000e-01
7.293430639837792384e-01 8.066156228847574938e-02
6.731951926291933619e-01 5.556454781401477527e-01
7.102851216002116219e-01 2.403456124324419851e-01
6.913887417890920428e-01 3.624207967416316900e-01
7.164688392790941052e-01 2.402139843271545172e-01
7.008830152845618722e-01 3.352395340583881889e-01
7.115612941598713492e-01 2.579537518272668195e-01
7.048869889263961186e-01 3.364570463427414282e-01
7.063513785823517521e-01 2.649863394980981335e-01
7.021518937057834586e-01 3.106925672053599818e-01
7.134349582536568812e-01 2.633647750952065603e-01
6.919885969524524061e-01 3.439993109068203991e-01
7.171277498007859741e-01 2.403451176774992759e-01
6.982793841714374228e-01 3.522662972545873572e-01
7.134740338511573743e-01 2.232289180386204386e-01
7.074971268113032785e-01 3.505050763537201353e-01
7.004544540264223684e-01 2.625831072315578663e-01
6.915059674170821458e-01 4.074049885949399541e-01
7.104994247363553006e-01 1.867965592191409008e-01
6.866200214148328040e-01 3.976217715687060394e-01
7.160833849508184690e-01 2.349597782296411197e-01
6.928246277192947611e-01 3.507264592572109096e-01
7.174703472355448142e-01 2.526751783239974958e-01
7.040671839605188165e-01 3.379878329849975160e-01
7.087733131957938415e-01 2.851785899399714164e-01
7.047339384195666634e-01 3.010791833573842058e-01
6.988894793993173371e-01 2.862846622278511499e-01
6.924781458519876365e-01 3.376876089267761838e-01
7.039590549204248759e-01 2.939486062021091084e-01
6.954653995911381781e-01 2.767465909109275701e-01
7.035767404854657014e-01 3.269555040525941592e-01
7.090878045465351942e-01 2.603559177273856440e-01
6.935254334472260584e-01 3.331955035386622299e-01
7.133798123317284245e-01 2.860094070960284562e-01
7.114174434429737515e-01 2.906661449139979481e-01
7.098678530297606315e-01 2.787991695131781800e-01
6.997638748510910389e-01 3.135590785455537044e-01
6.995822076107065524e-01 3.108820996325630248e-01
7.078967090423893271e-01 2.793097758485176829e-01
6.991155182586323846e-01 3.008456194808153406e-01
7.096968676620862837e-01 2.721495791626536431e-01
7.103269647413540389e-01 3.018065932493851355e-01
6.860224338480782613e-01 3.650639619664960978e-01
7.055836449243582109e-01 2.341694772183831041e-01
6.940291749447636827e-01 3.613891397532092986e-01
7.153315977992622532e-01 2.523389582933495690e-01
6.999079065974891378e-01 3.340087578826140824e-01
7.152896313867680433e-01 2.709302308317573793e-01
7.024521553826481579e-01 3.059003124933247775e-01
7.093866109836235445e-01 2.706283064620709222e-01
6.941800628890290037e-01 3.374262577428110421e-01
7.051089972544617446e-01 2.832581265344774613e-01
7.059969000221493207e-01 2.866155640970226570e-01
7.034550688554540576e-01 3.016110226451999554e-01
7.012797462245257130e-01 3.120159156075240081e-01
7.083513293312388992e-01 2.729054105498626148e-01
7.027458940602029358e-01 3.216479569963618390e-01
7.028340373353978432e-01 2.882962746702799617e-01
6.972380023218436307e-01 2.867892500262150812e-01
7.067896746755689685e-01 2.836642257355048158e-01
7.007958497069598502e-01 3.200776748773136449e-01
7.007958497069598502e-01 3.200776748773136449e-01
7.104900960860636161e-01 2.699846648433037455e-01
6.972923560703074841e-01 3.191016610730062486e-01
7.112714616476516483e-01 2.767793914146413070e-01
6.969669913974404496e-01 3.079165359342417307e-01
7.021625109444009638e-01 2.740268656491780530e-01
7.046183145847587648e-01 3.014211392515749321e-01
7.034556650126828625e-01 2.944663312568288616e-01
7.080141055221776947e-01 3.015073030704596424e-01
7.036897536268891251e-01 2.868673707936687522e-01
6.989303721635002908e-01 2.777660591730349293e-01
6.938583075489405116e-01 3.219674057638373110e-01
7.103087630925971618e-01 2.693681691507762155e-01
6.966545611639221036e-01 3.478735494052592747e-01
7.149171594766916549e-01 2.447821957405788840e-01
6.941979663035449111e-01 3.565503303248204192e-01
7.027171491378253476e-01 2.726283075786785637e-01
6.978869367500940557e-01 3.047111701713611231e-01
7.019659756700421527e-01 2.727362956863758070e-01
7.039451819666215915e-01 3.042785027574430590e-01
7.125018187681029236e-01 2.746810290538027055e-01
7.085844225151618492e-01 3.345694382707810610e-01
7.096214241945429935e-01 2.594653607504700532e-01
7.047379026468946206e-01 3.153402367257897021e-01
7.039114741544864051e-01 2.894997547577841668e-01
6.984978835950781395e-01 3.015492547019136826e-01
7.011460166549324802e-01 3.174872322085559584e-01
7.078203160186533616e-01 2.921253879625720362e-01
7.036654244895618193e-01 3.148102756787348189e-01
7.053122900164557896e-01 2.721267172803022438e-01
7.017682108617329106e-01 3.157538293581383937e-01
7.058899365712981711e-01 2.588782456225648954e-01
6.980335586652667290e-01 3.354258197682015719e-01
7.142493538124886632e-01 2.444216677167747875e-01
6.876176435678998944e-01 3.519942593782967033e-01
7.181401228319328478e-01 2.401909704737078266e-01
7.059140147607871896e-01 3.354688639443645926e-01
7.127609368278075008e-01 2.564739070758234596e-01
6.983214897800970045e-01 3.237225063728351726e-01
7.046510699790504706e-01 2.737201158106480348e-01
6.966090829760305247e-01 2.926422318892227259e-01
7.062542229713781872e-01 2.914583971575620547e-01
7.127368669448626015e-01 2.931017258556473659e-01
6.952939132133122424e-01 3.132318214025419656e-01
7.050989048865813347e-01 3.091393538402206764e-01
7.041006994250651463e-01 2.822364728002784151e-01
7.028463560958196910e-01 2.957146744466265242e-01
7.007502413628008409e-01 2.845525834598705006e-01
6.898332254504619954e-01 3.217998640496830820e-01
7.012892171953077902e-01 2.487994875960498342e-01
6.872616820450729858e-01 3.530686120735605504e-01
7.056908519994568030e-01 2.512914236901482856e-01
6.993069197156723815e-01 3.442016514354507284e-01
7.134128779312393087e-01 2.578196746585429411e-01
7.014263759665166909e-01 3.256591222703917876e-01
7.015966319838651266e-01 3.092923852105244897e-01
7.095748167834353692e-01 2.710704111962863316e-01
6.978937556180840884e-01 3.340644929311433198e-01
7.084916451111441527e-01 2.659099059475594773e-01
6.983142733631703125e-01 3.352720927612715673e-01
7.045851935986673364e-01 2.526965517421326246e-01
7.051219489413957930e-01 3.465606631668812221e-01
7.072501854252676301e-01 2.675731396316871069e-01
7.004001072208987377e-01 3.200925313524412563e-01
7.041810264849301948e-01 2.681995184433151880e-01
7.128251743512523664e-01 3.077673079725946059e-01
7.140114330570088708e-01 2.858295359302580052e-01
7.028649437353897689e-01 2.966720670552342454e-01
7.061787019039690305e-01 2.805527577217408752e-01
7.036437545790684700e-01 2.968115584943275542e-01
7.019930682399512234e-01 2.934840562340496617e-01
7.048871566915642095e-01 2.933634430435907992e-01
6.968693124068889855e-01 2.981421218775073267e-01
7.106044459377380829e-01 2.746166362810221195e-01
7.033558868165603606e-01 2.991540226930676227e-01
6.911183375858984679e-01 3.105466692061429890e-01
7.078162850362391678e-01 2.723064055701499009e-01
6.965512344744628770e-01 3.111761349497882412e-01
7.058305358907398519e-01 2.633639871694578027e-01
7.076252598236780766e-01 3.120591765739940127e-01
7.026533898492407504e-01 2.885177456392317152e-01
7.014019256098308341e-01 3.164635782077596660e-01
7.081484484288418368e-01 2.749007200904777237e-01
7.057623480385765147e-01 3.004562121225957116e-01
6.871348601686410040e-01 2.804984922176802509e-01
7.008973746346733869e-01 2.838558489134587193e-01
7.020366409173677269e-01 2.956743051760790109e-01
7.107243403804561765e-01 2.937690521554893741e-01
7.086523003966119783e-01 2.883334599805948417e-01
6.936819426083653539e-01 3.236863558577165456e-01
7.042942708376348504e-01 3.099181375038307373e-01
7.204181330268584205e-01 2.925220045513730049e-01
7.035353830603270353e-01 3.225188136622417767e-01
7.005299617806752810e-01 2.554911460720916683e-01
6.979761686999154113e-01 3.089789485680874415e-01
7.056316132695061860e-01 2.848379629139984881e-01
7.003625743235426526e-01 3.079495661000737905e-01
7.022636235265622418e-01 2.947035153806349950e-01
6.934095831701236889e-01 3.497970583467638339e-01
7.203773825133428232e-01 2.346802339392442538e-01
6.958220305931022143e-01 3.517092763685748524e-01
7.079355502634957498e-01 2.734974663972032927e-01
7.075613309670417683e-01 3.095681379237171238e-01
7.039580613494064165e-01 2.838319274852793561e-01
7.016299571689211811e-01 3.351008906743553895e-01
7.100077606710762934e-01 2.415302185659641554e-01
6.889107486142037606e-01 3.441736881080774135e-01
7.101478376342992282e-01 2.480979353832845624e-01
6.973595443846085651e-01 3.325995828053172620e-01
7.064478725183824803e-01 2.857988705069373636e-01
7.064871755647915696e-01 2.964785011351289690e-01
7.012373096720644350e-01 2.894061534675256842e-01
7.051916826578490394e-01 2.970980076855879726e-01
7.096506387239169822e-01 2.694889123037843004e-01
7.028398415898188256e-01 3.200736106570739592e-01
7.004571008562561207e-01 2.811452742773248858e-01
7.022993612808792196e-01 3.196921123415147337e-01
7.098618245957866169e-01 2.939684790534077830e-01
6.911044896883270505e-01 3.032141857356382419e-01
7.019657869107782666e-01 2.795590398984793001e-01
6.944946873422737088e-01 3.133928802458099683e-01
7.050856454839072862e-01 2.944306652749208442e-01
7.041003734737742992e-01 2.822721478983510890e-01
7.022627902571221270e-01 3.213176980906136682e-01
7.049504380242289647e-01 3.004376649367216934e-01
7.007492607759783221e-01 3.030229159817160456e-01
7.012517755668737918e-01 2.960945990019612228e-01
7.063315905534454098e-01 2.860401980191929483e-01
7.043720446429487803e-01 2.889786520443474727e-01
7.118161603692518824e-01 2.778564119107226338e-01
6.967407346352958442e-01 3.090001142608563844e-01
7.052866228913937663e-01 2.581877014443834661e-01
6.920968808790066706e-01 3.215436755305194905e-01
7.134477872950698574e-01 2.524050383674387721e-01
6.937066848644535266e-01 3.599012802549204637e-01
7.039305606004504501e-01 2.906985465755709264e-01
7.142896191675750517e-01 2.872557798719319599e-01
7.023721371693507631e-01 3.288112080343750243e-01
7.022395772463168040e-01 2.571106694954791161e-01
6.956470299664117007e-01 3.344342656475978726e-01
7.132563530307421962e-01 2.388427634470523253e-01
6.840711515786394026e-01 3.485192962004104444e-01
6.978558268598561432e-01 3.416491872632457794e-01
7.108418210564829698e-01 2.560809593001496798e-01
6.999038032305430201e-01 3.338079525450977081e-01
7.121395738821170163e-01 2.747911366255434418e-01
7.024518231044472039e-01 3.268221292095316310e-01
7.132176337173323777e-01 2.633635880988094424e-01
6.998280531747369526e-01 3.060829829355442566e-01
7.004065582297797077e-01 2.890326430844581407e-01
7.091730292528645174e-01 2.738150625686404660e-01
6.990643437095795942e-01 2.960326412244725369e-01
7.151838226611758609e-01 2.692828625735728121e-01
6.981900770502396103e-01 3.044271138442523061e-01
7.034957008518240018e-01 2.680401220278129659e-01
6.983370727602771222e-01 3.117505019507813002e-01
6.948452516586927086e-01 2.948456380665792076e-01
7.142494283331534133e-01 2.904480126149134867e-01
6.972461055957366316e-01 3.021397354971461779e-01
6.988458717927970021e-01 3.028267606917787735e-01
7.079590181328865306e-01 2.634731149112906623e-01
6.991888172321618633e-01 3.148853022078690334e-01
7.003659753421361822e-01 3.072813507929634258e-01
7.015345417940000994e-01 2.693370616403508722e-01
7.076859339451507802e-01 3.038893953708350915e-01
6.911527225642866146e-01 3.294102050872569909e-01
7.180414886530236407e-01 2.591030998062847091e-01
7.098070055947993673e-01 3.453667439856031862e-01
7.080969684269723396e-01 2.663877078725374603e-01
6.906103510275773960e-01 3.611446585210005278e-01
7.132081927308483449e-01 2.415965822802337848e-01
6.992591634530732625e-01 3.408362397169421576e-01
6.987944690457217334e-01 2.683704354970101735e-01
7.073047168322201816e-01 3.011355660151448510e-01
7.059386869742678705e-01 2.972165769602604368e-01
7.005169158634938498e-01 2.734202806452079582e-01
6.934746311096163796e-01 3.421458394200879161e-01
6.972536735027567989e-01 2.975674965844024022e-01
6.982205507802724531e-01 3.252828520542759283e-01
7.235582787871680521e-01 2.598244090340655621e-01
6.929362614360013994e-01 3.505575950595821166e-01
7.024164732828183100e-01 3.030384544187748053e-01
7.009727433781157702e-01 3.105060524853814896e-01
7.116967178357038737e-01 2.643274367562273297e-01
6.997905694960838696e-01 3.070336272590041271e-01
7.082937327650593584e-01 2.595701974025573788e-01
7.008784865803241448e-01 3.046578813223964621e-01
7.035260019999133307e-01 2.834194402762655884e-01
7.030610460888914170e-01 2.980324868532356897e-01
6.974487763474670476e-01 3.010169260322246299e-01
6.993232562637516914e-01 2.997539471199127115e-01
7.019473386128582959e-01 3.084552730398567588e-01
7.132747002960286853e-01 2.804657486479202322e-01
7.055422870126715207e-01 2.997850645351783361e-01
7.052187644508619568e-01 2.926427179290302938e-01
6.921476830526865909e-01 2.808336532561626075e-01
7.047558907193544053e-01 2.877824353779893651e-01
7.055821729487221639e-01 3.304672373078124115e-01
7.136305680464232193e-01 2.441055321870693184e-01
6.998108462631380533e-01 3.490965614591328148e-01
7.047373877823479571e-01 2.246135363962034337e-01
6.848004875241154865e-01 3.579549098111244332e-01
7.091678388561782898e-01 2.514613768910908820e-01
6.965368624000609632e-01 3.455920795380177934e-01
7.103409297968860114e-01 2.444082206892945475e-01
7.033758489917356638e-01 3.534173616266846341e-01
7.200697169269441034e-01 2.427981197972632066e-01
6.931478910234397661e-01 3.454560240486131972e-01
7.106648824858242675e-01 2.437214207438724023e-01
6.957723298236626608e-01 3.362932062909813613e-01
7.052682362133545491e-01 2.625253016817855611e-01
6.835386864059923573e-01 3.359460375326914772e-01
7.067409292686881450e-01 2.358889047619029400e-01
7.005836749360684346e-01 3.589445826073522916e-01
6.955310439973751979e-01 3.189404179722095112e-01
7.024056080845900718e-01 2.564671551594017163e-01
6.992470878852300453e-01 3.284330560967565482e-01
7.122308806005895887e-01 2.656766233258409660e-01
6.968228373626907945e-01 3.280730361584185961e-01
7.087222007409582636e-01 2.811297993788196559e-01
7.004383307750327026e-01 3.062078076872857824e-01
7.011850394789761465e-01 2.886284875346445955e-01
6.952527207788086194e-01 2.839203204866925234e-01
7.031909273475134281e-01 3.034015292261546537e-01
7.063623277997367333e-01 2.816042811511238475e-01
7.054880011811560658e-01 2.911186252149060572e-01
7.030785640224507249e-01 3.282868854608405051e-01
7.140513373085819460e-01 2.509476466698417063e-01
6.959172088166718506e-01 3.294153996883338320e-01
6.972401047391090234e-01 2.871754542671726140e-01
7.041468162980061285e-01 3.378209748072027452e-01
7.056275362513086957e-01 2.616518641276918133e-01
7.029157255530353865e-01 3.131196864761001120e-01
7.033547630851050281e-01 2.577638720451566057e-01
6.925027145877454826e-01 3.166724421304213943e-01
7.027023600791082458e-01 2.665726784376987735e-01
7.129193653531620267e-01 3.054718716432396897e-01
7.058685254525123298e-01 3.171056280436559405e-01
7.035231192500578379e-01 3.002458268517755324e-01
6.991070628382969332e-01 2.968065635333668184e-01
6.946759262436770221e-01 2.898566417752266311e-01
7.057715895711555998e-01 2.816843739701558880e-01
7.036542173293404145e-01 2.918169755560236500e-01
7.030997209048932550e-01 2.786619619058409159e-01
6.982784376133056581e-01 3.093500742315891672e-01
7.038371135642051968e-01 2.542212712586372492e-01
7.045412367144618937e-01 3.423657764955967964e-01
7.013830254421469235e-01 2.622569730478624406e-01
6.977709565463987573e-01 3.072069932316240926e-01
7.070472135771224131e-01 2.781139441504082987e-01
6.927412042863213548e-01 3.207302016795670063e-01
7.072161180305613914e-01 2.621619975564531413e-01
6.892542269435038005e-01 3.335653085201046308e-01
7.179080450257546708e-01 2.406290986823610423e-01
6.990685077725190544e-01 3.322060441901250605e-01
7.079268678941991189e-01 2.704465260559307804e-01
7.093184221214895446e-01 3.329319127202516881e-01
6.978599725268809228e-01 2.811730395296204721e-01
7.027691684742792821e-01 3.092153655000182133e-01
7.083417805607175044e-01 2.984705094603185005e-01
6.977521764012047933e-01 3.391383583541414670e-01
7.142638715784396242e-01 2.402873069499838754e-01
7.061772891927520224e-01 3.299491518214042740e-01
7.086094181602076159e-01 2.696080433586751646e-01
7.076861342726126214e-01 3.006014918974451167e-01
7.029976816342015100e-01 2.808380026499368576e-01
7.107196186550926997e-01 2.967162491716328065e-01
7.053441880774945494e-01 2.817825970885044495e-01
6.956984980080147540e-01 2.995649256778457614e-01
6.998625300221298362e-01 2.900184848724892128e-01
6.978829606846556066e-01 2.988615473584439464e-01
7.031820841846235792e-01 2.900010375838151799e-01
7.101433282424852722e-01 2.894664568294797458e-01
7.147556497414386811e-01 2.913457126780577555e-01
7.006350103762601922e-01 3.398002534598231206e-01
7.014384680579712761e-01 2.644835563406022771e-01
7.040170889808525789e-01 3.122892764304904811e-01
7.053426027180837998e-01 2.688883385163899353e-01
6.958420504991900124e-01 3.064131444266471882e-01
7.004296585809892672e-01 2.968575096318644690e-01
7.059118304551346146e-01 2.682114068285493258e-01
6.924231001713897493e-01 3.106680584750006191e-01
6.960461087358622567e-01 3.047073256467511815e-01
7.151942786836189558e-01 2.828016979589162982e-01
7.071311696456655804e-01 3.103382179038914890e-01
7.036765634125663471e-01 2.711822489505026912e-01
6.946783539842051880e-01 3.137945654747621993e-01
7.004841347822065023e-01 2.613525260423539831e-01
7.002721217935289344e-01 3.223591039016636683e-01
7.071201785402506657e-01 2.585287729051835570e-01
7.007498836433907474e-01 3.293540030916413675e-01
7.117689546510382881e-01 2.578991364279141218e-01
6.930445856567758467e-01 3.157369150550632386e-01
7.030955876926948678e-01 2.718734693923665069e-01
6.926432734223841869e-01 3.148297014080939094e-01
7.126687994664475667e-01 2.759875692619573329e-01
7.088781485555556428e-01 3.044628626896852541e-01
7.035520076110830523e-01 2.931360522149619730e-01
6.995097431044210445e-01 2.848968017904169314e-01
7.063089202914808462e-01 2.861304090866466088e-01
6.997800265037561473e-01 3.153179903499933046e-01
7.053484228005233447e-01 2.680445045626334011e-01
7.110651795117672869e-01 3.113553989751421947e-01
7.123350506606384025e-01 2.780520740866718743e-01
6.939758476429610523e-01 3.477416401694388703e-01
7.026908495030663726e-01 2.485987967855646796e-01
7.016497856414851686e-01 3.227492735618062158e-01
7.049611510883720955e-01 2.760627964910760679e-01
6.931205658673738057e-01 3.029534243125681647e-01
7.154886075210239449e-01 2.716242839326767355e-01
7.061191983751418100e-01 3.470654005007404175e-01
7.170555471020398919e-01 2.639265808510634082e-01
6.993557657633128199e-01 3.206616191687945983e-01
7.074615337689296179e-01 2.598794276564178052e-01
6.929660025998475303e-01 3.240394991967180949e-01
6.995431116915384884e-01 2.663297863882665983e-01
6.932540605285995028e-01 3.242947777291983469e-01
7.141772911421604420e-01 2.757336909823592253e-01
7.109417912266393635e-01 3.001774869296067183e-01
6.967197957003661291e-01 2.922837586909117213e-01
6.997311935915763170e-01 2.777809345358527859e-01
7.003387569162987658e-01 3.007747068947808078e-01
7.094836901934795659e-01 3.272100399637470902e-01
7.029782542279412461e-01 2.540867859830700515e-01
6.810346806374841799e-01 3.952176139305369484e-01
7.146205040151746291e-01 2.542084337336725230e-01
6.854373948563897700e-01 3.415645357605421317e-01
7.068049587482334584e-01 2.814972342975081143e-01
6.997552525383814448e-01 2.896781191316193937e-01
7.027089160695083603e-01 2.960870000906025701e-01
7.062299729773953150e-01 2.914784388088957345e-01
7.007418621535148606e-01 2.773186932056273535e-01
7.001336658623763531e-01 3.116585569918643994e-01
7.156243381679557869e-01 2.934659763808410982e-01
6.990960812336450836e-01 2.837103567088246070e-01
7.041928360858973335e-01 2.956599471609691610e-01
7.028005020263248248e-01 3.026496145516687775e-01
7.146008861965366110e-01 2.835621618749082362e-01
