5.000000000000000000e-01 5.000000000000000000e-01
5.000000000000000000e-01 5.000000000000000000e-01
7.076328149114113897e-01 1.419987355305765975e-01
6.814181270409100932e-01 4.899473425828587692e-01
7.218926222770307710e-01 1.692726642037900020e-01
6.783564903646274180e-01 4.674709333760010965e-01
7.063014938622262928e-01 2.338968942746283142e-01
7.045004488773972673e-01 3.320728643914222511e-01
7.078179395298341836e-01 2.420028861203029902e-01
6.963606482438481349e-01 3.414304074109328346e-01
7.055317602471865568e-01 2.587502547260638885e-01
7.058312296601071401e-01 3.332392248587182082e-01
7.100796907734417962e-01 2.668288849863412193e-01
6.979169943782844721e-01 3.296212199020130407e-01
7.065438583850853771e-01 2.567509371780455907e-01
6.935600335653985260e-01 3.154069885232254622e-01
7.057283496312460880e-01 2.625514171237217642e-01
7.019096964666623473e-01 3.207427005384559382e-01
7.080447796835592777e-01 2.982284713806727106e-01
7.036217281184619088e-01 2.800805283432214465e-01
7.035130874955810576e-01 3.182916755418834787e-01
7.096091464099586466e-01 2.551413191628783550e-01
7.085082513331351084e-01 3.101502178251750452e-01
7.037598181657952479e-01 2.788171303911430310e-01
7.051409602307560087e-01 2.916275085070377249e-01
7.104197366056050900e-01 2.949876531106621069e-01
7.091829534089200138e-01 2.877339278939013978e-01
6.989166832132434060e-01 3.137352057434766861e-01
7.054770989463784447e-01 2.750759726021680396e-01
7.039772136933857283e-01 3.228518967343776969e-01
7.113314287444343353e-01 2.485097973779128722e-01
6.976004887183288039e-01 3.474678351802760190e-01
7.082845459588218429e-01 2.792734571470769644e-01
6.864508065998613517e-01 3.033881536848860305e-01
7.014693762810482180e-01 2.729266367366725010e-01
6.952455163856353648e-01 2.934056467139439239e-01
6.999597892828152146e-01 2.687816294008082973e-01
7.035793608243249286e-01 3.174947507094891819e-01
7.123677833426632633e-01 2.625111639579307266e-01
7.036825557366740425e-01 3.177038529065673300e-01
7.120489803337779477e-01 2.712664196213961931e-01
7.055025635521239291e-01 2.983404557883367336e-01
7.135383174101793680e-01 2.825606777266016501e-01
6.999668819827932209e-01 3.281211610033361592e-01
7.003403876124154603e-01 2.963513267819374852e-01
7.005831607258928839e-01 2.938511290331670134e-01
7.030582296799410269e-01 2.950588711383818619e-01
7.051754762752685535e-01 2.764967010511563128e-01
6.953450035756975067e-01 3.261997009608731402e-01
7.072587812758303061e-01 2.441964340814713752e-01
6.884344685833930777e-01 3.390130506897450213e-01
7.143423268741384558e-01 2.619374298956312908e-01
6.913301582054022232e-01 3.240373480531795747e-01
7.047741708763314294e-01 2.781996125362499184e-01
6.977886216138475817e-01 2.843129239753428017e-01
6.998553321611395983e-01 3.217748953901368725e-01
7.122253729060965544e-01 2.601062957139832488e-01
7.025528150456462617e-01 3.397991034329859716e-01
7.003768985041572970e-01 2.767166961313258788e-01
7.045766205240279190e-01 2.955276590216485699e-01
6.975994221464739686e-01 2.937258566591058884e-01
7.070292952866363834e-01 3.067340963470392423e-01
7.102140616147439856e-01 2.681261084698823849e-01
6.979965725203270965e-01 3.560176590847657918e-01
7.037291293717091722e-01 2.338957548313287393e-01
6.923612993953424111e-01 3.616157805730498276e-01
7.197949777628211976e-01 2.569609438910600563e-01
6.959157176182115823e-01 3.629129361893037031e-01
6.974726723457173039e-01 2.507062328328408252e-01
6.925409137147721106e-01 3.113619279944392915e-01
7.007244421332646800e-01 2.697500343928097566e-01
7.015255022215560743e-01 2.926776870335271452e-01
7.050571355795108852e-01 3.099585430819379317e-01
7.024418540390929833e-01 2.817773990338204304e-01
6.964494767162606736e-01 3.045676796419199972e-01
7.046668460848988236e-01 2.793403679724032473e-01
7.013752322185256016e-01 3.062184324439256033e-01
7.048587951947974384e-01 2.799660246080490356e-01
6.995570524238025056e-01 3.175021400826680273e-01
7.075290151665468708e-01 2.798218739590654924e-01
6.943030502802711723e-01 3.221547457816272830e-01
6.972690652501533082e-01 2.696491001737041926e-01
6.947745121761350617e-01 2.992670616258600313e-01
7.009933781325273783e-01 2.934365533579409990e-01
6.955640909331783917e-01 3.357201593462071365e-01
6.946455376575069174e-01 2.631794874504219117e-01
6.954341822050998934e-01 3.344875943039229416e-01
7.088996398387613640e-01 2.613512982357475423e-01
6.956528999421213166e-01 3.236385572436864533e-01
6.995929615696049320e-01 2.570035612543722370e-01
6.991213964351572496e-01 3.108286265525348480e-01
7.083323985193179517e-01 2.582199829676014580e-01
7.124135789257672879e-01 3.130790305250091832e-01
7.232315207312391969e-01 2.549815564426843317e-01
7.016809875355438653e-01 3.445332191700202773e-01
7.162533302075355657e-01 2.510042205872685117e-01
6.899307368105563887e-01 3.375434337214547331e-01
6.997879526242467563e-01 2.541467254961724542e-01
7.033661322527816617e-01 3.356152796563835472e-01
7.046312959986712476e-01 2.958727387538641063e-01
